0.50000000000000000000
0.35355339059327378637
0.25000000000000000000
0.17677669529663689318
0.12500000000000000000
0.08838834764831844659
0.06250000000000000000
0.04419417382415922330
0.03125000000000000000
0.02209708691207961165
0.01562500000000000000
0.01104854345603980582
0.00781250000000000000
0.00552427172801990291
0.00390625000000000000
0.00276213586400995146
0.00195312500000000000
0.00138106793200497573
0.00097656250000000000
0.00069053396600248786
0.00048828125000000000
0.00034526698300124393
0.00024414062500000000
0.00017263349150062197
0.00012207031250000000
0.00008631674575031098
0.00006103515625000000
0.00004315837287515549
0.00003051757812500000
0.00002157918643757775
0.00001525878906250000
0.00001078959321878887
0.00000762939453125000
0.00000539479660939444
0.00000381469726562500
0.00000269739830469722
0.00000190734863281250
0.00000134869915234861
0.00000095367431640625
